1.)
[ 0.00000000e+00  1.23992581e-01 -5.83706385e+00  4.94769298e-02
  3.80769755e-02  7.95740721e-05 -6.01705216e-05 -1.25196023e-07
  3.49151483e-08  4.04442080e-11 -6.75067133e-12]

Train Error: 1074650.8380730583 
Test Error: 1006543.0828964103 
Fitness Value: -2353624.9416760607

2.)
[ 0.00000000e+00  1.22573172e-01 -6.53404279e+00  5.07062000e-02
  3.81279552e-02  8.14398119e-05 -6.00833892e-05 -1.25015245e-07
  3.49123196e-08  4.06034763e-11 -6.73078250e-12]
Train Error: 991321.5610934632 
Test Error: 1090429.1655071562 
Fitness Value: -2478181.1442553913

3.)
[ 0.00000000e+00  1.22072978e-01 -6.48322918e+00  4.96928902e-02
  3.81279552e-02  8.07937291e-05 -6.00833892e-05 -1.25015245e-07
  3.49123196e-08  4.06034763e-11 -6.73078250e-12]
Train Error: 1152232.6632362069 
Test Error: 968048.2720087746 
Fitness Value: -2857018.5001547104

4.)
[ 0.00000000e+00  1.14122082e-01 -6.48322918e+00  5.05147629e-02
  3.81279552e-02  8.14398119e-05 -6.00833892e-05 -1.25015245e-07
  3.49123196e-08  4.04030548e-11 -6.73078250e-12]
Train Error: 1137400.3338391024
Test Error: 947184.1912847913
Fitness Value: -2845449.095341138

5.)
[ 0.00000000e+00  1.13428508e-01 -6.53181838e+00  5.07062000e-02
  3.81279552e-02  8.14398119e-05 -6.00833892e-05 -1.25015245e-07
  3.49123196e-08  4.06034763e-11 -6.73078250e-12]
Train Error: 995534.7733771404
Test Error: 1090402.2109722516
Fitness Value: -2465406.7347298367

6.)
[ 0.00000000e+00  1.19716501e-01 -6.64009567e+00  5.07062000e-02
  3.81279552e-02  8.14398119e-05 -6.00833892e-05 -1.25015245e-07
  3.49123196e-08  4.06034763e-11 -6.73078250e-12]
Train Error: 813161.3606157046
Test Error: 1109405.0098973182
Fitness Value: -3107540.9676394775

7.)
[ 0.00000000e+00  1.26679316e-01 -6.69211900e+00  5.03502341e-02
  3.81279552e-02  8.14398119e-05 -6.00833892e-05 -1.25015245e-07
  3.49123196e-08  4.06034763e-11 -6.73078250e-12]
Train Error: 746322.4788149706
Test Error: 1121374.293108347
Fitness Value: -3367904.0290968237

8.)
[ 0.00000000e+00  1.19716501e-01 -6.70998233e+00  5.07062000e-02
  3.81279552e-02  8.14398119e-05 -6.00833892e-05 -1.25015245e-07
  3.49123196e-08  4.06034763e-11 -6.73078250e-12]
Train Error: 715004.8030958066
Test Error: 1147413.5490273826
Fitness Value: -3592053.3358494933
