Initializing and Mutation population 0:
	Pre-Mutation Genome: Vector: [0.0, 0.12207199510152864, -6.4833779762448325, 0.04969587666904424, 0.03813047838098972, 8.07910598765724e-05, -6.008778257656555e-05, -1.25009148097487e-07, 3.491102356284989e-08, 4.059936680959389e-11, -6.730376278555627e-12] Errors: (1e+100, 1e+100) Fitness0.0
Initializing and Mutation population 0:
	Pre-Mutation Genome: Vector: [0.3069817602998449, 0.12242080700597097, -6.482587600352027, 0.05050760225519229, 0.038129916733454776, 8.143790516538469e-05, -6.00873738538347e-05, -1.2500389317837525e-07, 3.490428204119198e-08, 4.0399893595586953e-11, -6.7301240410798655e-12] Errors: (1e+100, 1e+100) Fitness0.0
	Post-Mutation Genome: Vector: [0.3069817602998449, 0.12242080700597097, -6.482587600352027, 0.05050760225519229, 0.038129916733454776, 0.41940614044941155, -6.00873738538347e-05, -1.2500389317837525e-07, 3.490428204119198e-08, 4.0399893595586953e-11, -6.7301240410798655e-12] Errors: (2216155308048978.5, 3037549927035863.5) Fitness-6323128402983404.0
	Pre-Mutation Genome: Vector: [0.51012760156998, 0.0711078731474584, -6.484143725760365, 0.05052174238314623, 0.03813491588506061, 8.143764308533965e-05, -6.009502235389584e-05, -1.25019443577627e-07, 3.490705436033091e-08, 4.0397524793343086e-11, -6.732435389379133e-12] Errors: (1e+100, 1e+100) Fitness0.0
	Post-Mutation Genome: Vector: [0.950583272811805, 0.0711078731474584, -6.484143725760365, 0.05052174238314623, 0.03813491588506061, 8.143764308533965e-05, -6.009502235389584e-05, -1.25019443577627e-07, 3.490705436033091e-08, 4.0397524793343086e-11, -6.732435389379133e-12] Errors: (906809.8436476957, 967004.1660405637) Fitness-1207781.4556120357
	Pre-Mutation Genome: Vector: [0.19197056793735004, 0.1141317945228144, -6.483753326019458, 0.05051950332252075, 0.03813079883922432, 8.144155572162294e-05, -6.008098655546889e-05, -1.2500032547507403e-07, 3.489423010800994e-08, 4.040523045896889e-11, -6.7309948998020354e-12] Errors: (1e+100, 1e+100) Fitness0.0
	Post-Mutation Genome: Vector: [0.19197056793735004, 0.1141317945228144, -6.483753326019458, 0.05051950332252075, 0.03813079883922432, 8.144155572162294e-05, 0.9063337044836748, -1.2500032547507403e-07, 3.489423010800994e-08, 4.040523045896889e-11, -6.7309948998020354e-12] Errors: (2.181647110483482e+19, 2.992570088046257e+19) Fitness-6.2362619982973575e+19
	Pre-Mutation Genome: Vector: [0.6713747980179833, 0.3101435820886417, -6.482198480557367, 0.050506105462641664, 0.038129636247505684, 8.143104712684315e-05, -6.009656568990824e-05, -1.2502305343330465e-07, 3.490876782909221e-08, 4.040222265966816e-11, -6.730926592154358e-12] Errors: (1e+100, 1e+100) Fitness0.0
	Post-Mutation Genome: Vector: [0.6713747980179833, 0.3101435820886417, -6.482198480557367, 0.050506105462641664, 0.038129636247505684, 8.143104712684315e-05, -6.009656568990824e-05, -1.2502305343330465e-07, 3.490876782909221e-08, 4.040222265966816e-11, 0.6421853628524424] Errors: (2.3362546338217647e+32, 3.2329690639638753e+32) Fitness-6.819826784532317e+32



Starting Generation 0:

People in genration 0:
	Vector: [0.3069817602998449, 0.12242080700597097, -6.482587600352027, 0.05050760225519229, 0.038129916733454776, 0.41940614044941155, -6.00873738538347e-05, -1.2500389317837525e-07, 3.490428204119198e-08, 4.0399893595586953e-11, -6.7301240410798655e-12] Errors: (2216155308048978.5, 3037549927035863.5) Fitness-6323128402983404.0
	Vector: [0.950583272811805, 0.0711078731474584, -6.484143725760365, 0.05052174238314623, 0.03813491588506061, 8.143764308533965e-05, -6.009502235389584e-05, -1.25019443577627e-07, 3.490705436033091e-08, 4.0397524793343086e-11, -6.732435389379133e-12] Errors: (906809.8436476957, 967004.1660405637) Fitness-1207781.4556120357
	Vector: [0.19197056793735004, 0.1141317945228144, -6.483753326019458, 0.05051950332252075, 0.03813079883922432, 8.144155572162294e-05, 0.9063337044836748, -1.2500032547507403e-07, 3.489423010800994e-08, 4.040523045896889e-11, -6.7309948998020354e-12] Errors: (2.181647110483482e+19, 2.992570088046257e+19) Fitness-6.2362619982973575e+19
	Vector: [0.6713747980179833, 0.3101435820886417, -6.482198480557367, 0.050506105462641664, 0.038129636247505684, 8.143104712684315e-05, -6.009656568990824e-05, -1.2502305343330465e-07, 3.490876782909221e-08, 4.040222265966816e-11, 0.6421853628524424] Errors: (2.3362546338217647e+32, 3.2329690639638753e+32) Fitness-6.819826784532317e+32

Pairing of Individuals:
	Vector: [0.3069817602998449, 0.12242080700597097, -6.482587600352027, 0.05050760225519229, 0.038129916733454776, 0.41940614044941155, -6.00873738538347e-05, -1.2500389317837525e-07, 3.490428204119198e-08, 4.0399893595586953e-11, -6.7301240410798655e-12] Errors: (2216155308048978.5, 3037549927035863.5) Fitness-6323128402983404.0 with Vector: [0.19197056793735004, 0.1141317945228144, -6.483753326019458, 0.05051950332252075, 0.03813079883922432, 8.144155572162294e-05, 0.9063337044836748, -1.2500032547507403e-07, 3.489423010800994e-08, 4.040523045896889e-11, -6.7309948998020354e-12] Errors: (2.181647110483482e+19, 2.992570088046257e+19) Fitness-6.2362619982973575e+19
	Vector: [0.950583272811805, 0.0711078731474584, -6.484143725760365, 0.05052174238314623, 0.03813491588506061, 8.143764308533965e-05, -6.009502235389584e-05, -1.25019443577627e-07, 3.490705436033091e-08, 4.0397524793343086e-11, -6.732435389379133e-12] Errors: (906809.8436476957, 967004.1660405637) Fitness-1207781.4556120357 with Vector: [0.6713747980179833, 0.3101435820886417, -6.482198480557367, 0.050506105462641664, 0.038129636247505684, 8.143104712684315e-05, -6.009656568990824e-05, -1.2502305343330465e-07, 3.490876782909221e-08, 4.040222265966816e-11, 0.6421853628524424] Errors: (2.3362546338217647e+32, 3.2329690639638753e+32) Fitness-6.819826784532317e+32

Creating Children:
	Pre-Mutation Genome: Vector: [0.3069817602998449, 0.12242080700597097, -6.482587600352027, 0.05050760225519229, 0.038129916733454776, 0.41940614044941155, -6.00873738538347e-05, -1.2500032547507403e-07, 3.489423010800994e-08, 4.040523045896889e-11, -6.7309948998020354e-12] Errors: (1e+100, 1e+100) Fitness0.0
	Post-Mutation Genome: Vector: [0.3069817602998449, 0.12242080700597097, -6.482587600352027, 0.05050760225519229, 0.038129916733454776, 0.41940614044941155, -6.00873738538347e-05, 0.7035289450906935, 3.489423010800994e-08, 4.040523045896889e-11, -6.7309948998020354e-12] Errors: (2.800872842264304e+22, 3.841416330164547e+22) Fitness-8.003590281765519e+22
	Pre-Mutation Genome: Vector: [0.950583272811805, 0.0711078731474584, -6.484143725760365, 0.05052174238314623, 0.03813491588506061, 8.143104712684315e-05, -6.009656568990824e-05, -1.2502305343330465e-07, 3.490876782909221e-08, 4.040222265966816e-11, 0.6421853628524424] Errors: (1e+100, 1e+100) Fitness0.0
	Post-Mutation Genome: Vector: [0.950583272811805, 0.0711078731474584, -6.484143725760365, 0.05052174238314623, 0.03813491588506061, 8.143104712684315e-05, -6.009656568990824e-05, -1.2502305343330465e-07, 0.2890482334991035, 4.040222265966816e-11, 0.6421853628524424] Errors: (2.337226207784349e+32, 3.23430656301978e+32) Fitness-6.822627983961505e+32
	Pre-Mutation Genome: Vector: [0.3069817602998449, 0.12242080700597097, -6.482587600352027, 0.05050760225519229, 0.038129916733454776, 0.41940614044941155, -6.00873738538347e-05, -1.2500389317837525e-07, 3.490428204119198e-08, 4.0399893595586953e-11, -6.7309948998020354e-12] Errors: (1e+100, 1e+100) Fitness0.0
	Post-Mutation Genome: Vector: [0.3069817602998449, 0.12242080700597097, -6.482587600352027, 0.05050760225519229, 0.038129916733454776, 0.41940614044941155, -6.00873738538347e-05, 0.6011679346253327, 3.490428204119198e-08, 4.0399893595586953e-11, -6.7309948998020354e-12] Errors: (2.045325678468169e+22, 2.8051782502161263e+22) Fitness-5.844588537207956e+22
	Pre-Mutation Genome: Vector: [0.950583272811805, 0.0711078731474584, -6.484143725760365, 0.05052174238314623, 0.03813491588506061, 8.143764308533965e-05, -6.009656568990824e-05, -1.2502305343330465e-07, 3.490876782909221e-08, 4.040222265966816e-11, 0.6421853628524424] Errors: (1e+100, 1e+100) Fitness0.0
	Post-Mutation Genome: Vector: [0.950583272811805, 0.0711078731474584, -6.484143725760365, 0.05052174238314623, 0.4868741816831858, 8.143764308533965e-05, -6.009656568990824e-05, -1.2502305343330465e-07, 3.490876782909221e-08, 4.040222265966816e-11, 0.6421853628524424] Errors: (2.3362546341477328e+32, 3.232969064410942e+32) Fitness-6.819826785463778e+32



Starting Generation 1:

People in genration 1:
	Vector: [0.950583272811805, 0.0711078731474584, -6.484143725760365, 0.05052174238314623, 0.03813491588506061, 8.143764308533965e-05, -6.009502235389584e-05, -1.25019443577627e-07, 3.490705436033091e-08, 4.0397524793343086e-11, -6.732435389379133e-12] Errors: (906809.8436476957, 967004.1660405637) Fitness-1207781.4556120357
	Vector: [0.3069817602998449, 0.12242080700597097, -6.482587600352027, 0.05050760225519229, 0.038129916733454776, 0.41940614044941155, -6.00873738538347e-05, -1.2500389317837525e-07, 3.490428204119198e-08, 4.0399893595586953e-11, -6.7301240410798655e-12] Errors: (2216155308048978.5, 3037549927035863.5) Fitness-6323128402983404.0
	Vector: [0.19197056793735004, 0.1141317945228144, -6.483753326019458, 0.05051950332252075, 0.03813079883922432, 8.144155572162294e-05, 0.9063337044836748, -1.2500032547507403e-07, 3.489423010800994e-08, 4.040523045896889e-11, -6.7309948998020354e-12] Errors: (2.181647110483482e+19, 2.992570088046257e+19) Fitness-6.2362619982973575e+19
	Vector: [0.3069817602998449, 0.12242080700597097, -6.482587600352027, 0.05050760225519229, 0.038129916733454776, 0.41940614044941155, -6.00873738538347e-05, 0.6011679346253327, 3.490428204119198e-08, 4.0399893595586953e-11, -6.7309948998020354e-12] Errors: (2.045325678468169e+22, 2.8051782502161263e+22) Fitness-5.844588537207956e+22

Pairing of Individuals:
	Vector: [0.950583272811805, 0.0711078731474584, -6.484143725760365, 0.05052174238314623, 0.03813491588506061, 8.143764308533965e-05, -6.009502235389584e-05, -1.25019443577627e-07, 3.490705436033091e-08, 4.0397524793343086e-11, -6.732435389379133e-12] Errors: (906809.8436476957, 967004.1660405637) Fitness-1207781.4556120357 with Vector: [0.3069817602998449, 0.12242080700597097, -6.482587600352027, 0.05050760225519229, 0.038129916733454776, 0.41940614044941155, -6.00873738538347e-05, -1.2500389317837525e-07, 3.490428204119198e-08, 4.0399893595586953e-11, -6.7301240410798655e-12] Errors: (2216155308048978.5, 3037549927035863.5) Fitness-6323128402983404.0
	Vector: [0.19197056793735004, 0.1141317945228144, -6.483753326019458, 0.05051950332252075, 0.03813079883922432, 8.144155572162294e-05, 0.9063337044836748, -1.2500032547507403e-07, 3.489423010800994e-08, 4.040523045896889e-11, -6.7309948998020354e-12] Errors: (2.181647110483482e+19, 2.992570088046257e+19) Fitness-6.2362619982973575e+19 with Vector: [0.3069817602998449, 0.12242080700597097, -6.482587600352027, 0.05050760225519229, 0.038129916733454776, 0.41940614044941155, -6.00873738538347e-05, 0.6011679346253327, 3.490428204119198e-08, 4.0399893595586953e-11, -6.7309948998020354e-12] Errors: (2.045325678468169e+22, 2.8051782502161263e+22) Fitness-5.844588537207956e+22

Creating Children:
	Pre-Mutation Genome: Vector: [0.3069817602998449, 0.12242080700597097, -6.482587600352027, 0.05050760225519229, 0.038129916733454776, 0.41940614044941155, -6.00873738538347e-05, -1.2500389317837525e-07, 3.490428204119198e-08, 4.0399893595586953e-11, -6.7301240410798655e-12] Errors: (1e+100, 1e+100) Fitness0.0
	Post-Mutation Genome: Vector: [0.3069817602998449, 0.12242080700597097, -6.482587600352027, 0.05050760225519229, 0.038129916733454776, 0.41940614044941155, -6.00873738538347e-05, -1.2500389317837525e-07, 3.490428204119198e-08, 4.0399893595586953e-11, 0.7222063048941157] Errors: (2.9547580335517932e+32, 4.088869925035126e+32) Fitness-8.625317490968456e+32
	Pre-Mutation Genome: Vector: [0.19197056793735004, 0.1141317945228144, -6.483753326019458, 0.05051950332252075, 0.03813079883922432, 8.144155572162294e-05, 0.9063337044836748, -1.2500032547507403e-07, 3.489423010800994e-08, 4.040523045896889e-11, -6.7309948998020354e-12] Errors: (1e+100, 1e+100) Fitness0.0
	Post-Mutation Genome: Vector: [0.19197056793735004, 0.1141317945228144, -6.483753326019458, 0.05051950332252075, 1.0311015283294873, 8.144155572162294e-05, 0.9063337044836748, -1.2500032547507403e-07, 3.489423010800994e-08, 4.040523045896889e-11, -6.7309948998020354e-12] Errors: (2.1839164691442213e+19, 2.995680470118877e+19) Fitness-6.2427364740175e+19
	Pre-Mutation Genome: Vector: [0.950583272811805, 0.0711078731474584, -6.484143725760365, 0.05052174238314623, 0.03813491588506061, 8.143764308533965e-05, -6.009502235389584e-05, -1.25019443577627e-07, 3.490705436033091e-08, 4.0399893595586953e-11, -6.7301240410798655e-12] Errors: (1e+100, 1e+100) Fitness0.0
	Post-Mutation Genome: Vector: [0.950583272811805, 0.0711078731474584, -6.484143725760365, 0.05052174238314623, 0.03813491588506061, 8.143764308533965e-05, -6.009502235389584e-05, -1.25019443577627e-07, 3.490705436033091e-08, 0.45619583287497834, -6.7301240410798655e-12] Errors: (5.445935727408038e+28, 7.497047412791592e+28) Fitness-1.5701494154325806e+29
	Pre-Mutation Genome: Vector: [0.19197056793735004, 0.1141317945228144, -6.483753326019458, 0.05051950332252075, 0.03813079883922432, 0.41940614044941155, -6.00873738538347e-05, 0.6011679346253327, 3.490428204119198e-08, 4.0399893595586953e-11, -6.7309948998020354e-12] Errors: (1e+100, 1e+100) Fitness0.0
	Post-Mutation Genome: Vector: [0.19197056793735004, 0.1141317945228144, -6.483753326019458, 0.05051950332252075, 0.03813079883922432, 0.41940614044941155, -6.00873738538347e-05, 0.6011679346253327, 3.490428204119198e-08, 4.0399893595586953e-11, -6.7309948998020354e-12] Errors: (2.0453256784848085e+22, 2.805178250235644e+22) Fitness-5.844588537238987e+22



Starting Generation 2:

People in genration 2:
	Vector: [0.950583272811805, 0.0711078731474584, -6.484143725760365, 0.05052174238314623, 0.03813491588506061, 8.143764308533965e-05, -6.009502235389584e-05, -1.25019443577627e-07, 3.490705436033091e-08, 4.0397524793343086e-11, -6.732435389379133e-12] Errors: (906809.8436476957, 967004.1660405637) Fitness-1207781.4556120357
	Vector: [0.3069817602998449, 0.12242080700597097, -6.482587600352027, 0.05050760225519229, 0.038129916733454776, 0.41940614044941155, -6.00873738538347e-05, -1.2500389317837525e-07, 3.490428204119198e-08, 4.0399893595586953e-11, -6.7301240410798655e-12] Errors: (2216155308048978.5, 3037549927035863.5) Fitness-6323128402983404.0
	Vector: [0.19197056793735004, 0.1141317945228144, -6.483753326019458, 0.05051950332252075, 0.03813079883922432, 8.144155572162294e-05, 0.9063337044836748, -1.2500032547507403e-07, 3.489423010800994e-08, 4.040523045896889e-11, -6.7309948998020354e-12] Errors: (2.181647110483482e+19, 2.992570088046257e+19) Fitness-6.2362619982973575e+19
	Vector: [0.19197056793735004, 0.1141317945228144, -6.483753326019458, 0.05051950332252075, 1.0311015283294873, 8.144155572162294e-05, 0.9063337044836748, -1.2500032547507403e-07, 3.489423010800994e-08, 4.040523045896889e-11, -6.7309948998020354e-12] Errors: (2.1839164691442213e+19, 2.995680470118877e+19) Fitness-6.2427364740175e+19

Pairing of Individuals:
	Vector: [0.950583272811805, 0.0711078731474584, -6.484143725760365, 0.05052174238314623, 0.03813491588506061, 8.143764308533965e-05, -6.009502235389584e-05, -1.25019443577627e-07, 3.490705436033091e-08, 4.0397524793343086e-11, -6.732435389379133e-12] Errors: (906809.8436476957, 967004.1660405637) Fitness-1207781.4556120357 with Vector: [0.19197056793735004, 0.1141317945228144, -6.483753326019458, 0.05051950332252075, 0.03813079883922432, 8.144155572162294e-05, 0.9063337044836748, -1.2500032547507403e-07, 3.489423010800994e-08, 4.040523045896889e-11, -6.7309948998020354e-12] Errors: (2.181647110483482e+19, 2.992570088046257e+19) Fitness-6.2362619982973575e+19
	Vector: [0.3069817602998449, 0.12242080700597097, -6.482587600352027, 0.05050760225519229, 0.038129916733454776, 0.41940614044941155, -6.00873738538347e-05, -1.2500389317837525e-07, 3.490428204119198e-08, 4.0399893595586953e-11, -6.7301240410798655e-12] Errors: (2216155308048978.5, 3037549927035863.5) Fitness-6323128402983404.0 with Vector: [0.19197056793735004, 0.1141317945228144, -6.483753326019458, 0.05051950332252075, 1.0311015283294873, 8.144155572162294e-05, 0.9063337044836748, -1.2500032547507403e-07, 3.489423010800994e-08, 4.040523045896889e-11, -6.7309948998020354e-12] Errors: (2.1839164691442213e+19, 2.995680470118877e+19) Fitness-6.2427364740175e+19

Creating Children:
	Pre-Mutation Genome: Vector: [0.950583272811805, 0.0711078731474584, -6.484143725760365, 0.05051950332252075, 0.03813079883922432, 8.144155572162294e-05, 0.9063337044836748, -1.2500032547507403e-07, 3.489423010800994e-08, 4.040523045896889e-11, -6.7309948998020354e-12] Errors: (1e+100, 1e+100) Fitness0.0
	Post-Mutation Genome: Vector: [0.950583272811805, 0.0711078731474584, -6.484143725760365, 0.05051950332252075, 0.03813079883922432, 8.144155572162294e-05, 0.9063337044836748, -1.2500032547507403e-07, 3.489423010800994e-08, 4.040523045896889e-11, 0.5778936415706546] Errors: (1.891888313486435e+32, 2.6180435421724114e+32) Fitness-5.522664456916316e+32
	Pre-Mutation Genome: Vector: [0.3069817602998449, 0.12242080700597097, -6.482587600352027, 0.05050760225519229, 0.038129916733454776, 0.41940614044941155, 0.9063337044836748, -1.2500032547507403e-07, 3.489423010800994e-08, 4.040523045896889e-11, -6.7309948998020354e-12] Errors: (1e+100, 1e+100) Fitness0.0
	Post-Mutation Genome: Vector: [0.3069817602998449, 0.12242080700597097, -6.482587600352027, 0.9649320482386033, 0.038129916733454776, 0.41940614044941155, 0.9063337044836748, -1.2500032547507403e-07, 3.489423010800994e-08, 4.040523045896889e-11, -6.7309948998020354e-12] Errors: (2.1884342849247216e+19, 3.0070919641210806e+19) Fitness-6.281722680906517e+19
	Pre-Mutation Genome: Vector: [0.950583272811805, 0.0711078731474584, -6.484143725760365, 0.05052174238314623, 0.03813491588506061, 8.143764308533965e-05, -6.009502235389584e-05, -1.2500032547507403e-07, 3.489423010800994e-08, 4.040523045896889e-11, -6.7309948998020354e-12] Errors: (1e+100, 1e+100) Fitness0.0
	Post-Mutation Genome: Vector: [0.950583272811805, 0.0711078731474584, -6.484143725760365, 0.05052174238314623, 0.03813491588506061, 8.143764308533965e-05, -6.009502235389584e-05, -1.2500032547507403e-07, 3.489423010800994e-08, 4.040523045896889e-11, -6.7309948998020354e-12] Errors: (750318.14851329, 1031262.8328956083) Fitness-2155041.5704248813
	Pre-Mutation Genome: Vector: [0.3069817602998449, 0.12242080700597097, -6.483753326019458, 0.05051950332252075, 1.0311015283294873, 8.144155572162294e-05, 0.9063337044836748, -1.2500032547507403e-07, 3.489423010800994e-08, 4.040523045896889e-11, -6.7309948998020354e-12] Errors: (1e+100, 1e+100) Fitness0.0
	Post-Mutation Genome: Vector: [0.3069817602998449, 0.5848750445262489, -6.483753326019458, 0.05051950332252075, 1.0311015283294873, 8.144155572162294e-05, 0.9063337044836748, -1.2500032547507403e-07, 3.489423010800994e-08, 4.040523045896889e-11, -6.7309948998020354e-12] Errors: (2.183916469972692e+19, 2.995680475839068e+19) Fitness-6.2427364993045725e+19



Starting Generation 3:

People in genration 3:
	Vector: [0.950583272811805, 0.0711078731474584, -6.484143725760365, 0.05052174238314623, 0.03813491588506061, 8.143764308533965e-05, -6.009502235389584e-05, -1.25019443577627e-07, 3.490705436033091e-08, 4.0397524793343086e-11, -6.732435389379133e-12] Errors: (906809.8436476957, 967004.1660405637) Fitness-1207781.4556120357
	Vector: [0.950583272811805, 0.0711078731474584, -6.484143725760365, 0.05052174238314623, 0.03813491588506061, 8.143764308533965e-05, -6.009502235389584e-05, -1.2500032547507403e-07, 3.489423010800994e-08, 4.040523045896889e-11, -6.7309948998020354e-12] Errors: (750318.14851329, 1031262.8328956083) Fitness-2155041.5704248813
	Vector: [0.3069817602998449, 0.12242080700597097, -6.482587600352027, 0.05050760225519229, 0.038129916733454776, 0.41940614044941155, -6.00873738538347e-05, -1.2500389317837525e-07, 3.490428204119198e-08, 4.0399893595586953e-11, -6.7301240410798655e-12] Errors: (2216155308048978.5, 3037549927035863.5) Fitness-6323128402983404.0
	Vector: [0.19197056793735004, 0.1141317945228144, -6.483753326019458, 0.05051950332252075, 0.03813079883922432, 8.144155572162294e-05, 0.9063337044836748, -1.2500032547507403e-07, 3.489423010800994e-08, 4.040523045896889e-11, -6.7309948998020354e-12] Errors: (2.181647110483482e+19, 2.992570088046257e+19) Fitness-6.2362619982973575e+19

Pairing of Individuals:
	Vector: [0.950583272811805, 0.0711078731474584, -6.484143725760365, 0.05052174238314623, 0.03813491588506061, 8.143764308533965e-05, -6.009502235389584e-05, -1.25019443577627e-07, 3.490705436033091e-08, 4.0397524793343086e-11, -6.732435389379133e-12] Errors: (906809.8436476957, 967004.1660405637) Fitness-1207781.4556120357 with Vector: [0.19197056793735004, 0.1141317945228144, -6.483753326019458, 0.05051950332252075, 0.03813079883922432, 8.144155572162294e-05, 0.9063337044836748, -1.2500032547507403e-07, 3.489423010800994e-08, 4.040523045896889e-11, -6.7309948998020354e-12] Errors: (2.181647110483482e+19, 2.992570088046257e+19) Fitness-6.2362619982973575e+19
	Vector: [0.950583272811805, 0.0711078731474584, -6.484143725760365, 0.05052174238314623, 0.03813491588506061, 8.143764308533965e-05, -6.009502235389584e-05, -1.2500032547507403e-07, 3.489423010800994e-08, 4.040523045896889e-11, -6.7309948998020354e-12] Errors: (750318.14851329, 1031262.8328956083) Fitness-2155041.5704248813 with Vector: [0.3069817602998449, 0.12242080700597097, -6.482587600352027, 0.05050760225519229, 0.038129916733454776, 0.41940614044941155, -6.00873738538347e-05, -1.2500389317837525e-07, 3.490428204119198e-08, 4.0399893595586953e-11, -6.7301240410798655e-12] Errors: (2216155308048978.5, 3037549927035863.5) Fitness-6323128402983404.0

Creating Children:
	Pre-Mutation Genome: Vector: [0.950583272811805, 0.0711078731474584, -6.484143725760365, 0.05052174238314623, 0.03813491588506061, 8.143764308533965e-05, -6.009502235389584e-05, -1.25019443577627e-07, 3.490705436033091e-08, 4.0397524793343086e-11, -6.7309948998020354e-12] Errors: (1e+100, 1e+100) Fitness0.0
	Post-Mutation Genome: Vector: [0.950583272811805, 0.0711078731474584, -6.331955990458662, 0.05052174238314623, 0.03813491588506061, 8.143764308533965e-05, -6.009502235389584e-05, -1.25019443577627e-07, 3.490705436033091e-08, 4.0397524793343086e-11, -6.7309948998020354e-12] Errors: (1258543.055401124, 977393.9198399701) Fitness-2101990.462084586
	Pre-Mutation Genome: Vector: [0.950583272811805, 0.0711078731474584, -6.484143725760365, 0.05052174238314623, 0.03813491588506061, 8.143764308533965e-05, -6.00873738538347e-05, -1.2500389317837525e-07, 3.490428204119198e-08, 4.0399893595586953e-11, -6.7301240410798655e-12] Errors: (1e+100, 1e+100) Fitness0.0
	Post-Mutation Genome: Vector: [0.950583272811805, 0.0711078731474584, -6.484143725760365, 0.05052174238314623, 0.03813491588506061, 8.143764308533965e-05, -6.00873738538347e-05, -1.2500389317837525e-07, 3.490428204119198e-08, 4.0399893595586953e-11, -6.7301240410798655e-12] Errors: (1004103.0017041793, 954751.9083367304) Fitness-1152156.281806526
	Pre-Mutation Genome: Vector: [0.950583272811805, 0.0711078731474584, -6.484143725760365, 0.05052174238314623, 0.03813491588506061, 8.143764308533965e-05, -6.009502235389584e-05, -1.25019443577627e-07, 3.490705436033091e-08, 4.0397524793343086e-11, -6.732435389379133e-12] Errors: (1e+100, 1e+100) Fitness0.0
	Post-Mutation Genome: Vector: [0.950583272811805, 0.0711078731474584, -6.484143725760365, 0.05052174238314623, 0.03813491588506061, 8.143764308533965e-05, 0.09142743053590678, -1.25019443577627e-07, 3.490705436033091e-08, 4.0397524793343086e-11, -6.732435389379133e-12] Errors: (2.2226735653205472e+17, 3.048835789674999e+17) Fitness-6.353484687092806e+17
	Pre-Mutation Genome: Vector: [0.950583272811805, 0.0711078731474584, -6.484143725760365, 0.05052174238314623, 0.03813491588506061, 8.143764308533965e-05, -6.009502235389584e-05, -1.2500032547507403e-07, 3.489423010800994e-08, 4.040523045896889e-11, -6.7309948998020354e-12] Errors: (1e+100, 1e+100) Fitness0.0
	Post-Mutation Genome: Vector: [0.950583272811805, 0.0711078731474584, -6.484143725760365, 0.05052174238314623, 0.5484648944965458, 8.143764308533965e-05, -6.009502235389584e-05, -1.2500032547507403e-07, 3.489423010800994e-08, 4.040523045896889e-11, -6.7309948998020354e-12] Errors: (1585692247160.7275, 2159437315325.202) Fitness-4454417587983.1
