You are about to run the algorithm with 40 population and 100 iterations. This will take 8080 calls to the server in total.
Do you wish to continue (y/N): [ 3.07067402e-01  1.22440728e-01 -6.48235991e+00  5.05008455e-02
  3.70376856e-01  8.14570178e-05 -6.00839607e-05 -1.24985235e-07
  3.49043569e-08  4.04019168e-11 -6.73117576e-12] 672714905101.2494 915447991965.3815
[ 0.00000000e+00  5.49301986e-01  8.41232298e-01  5.05203360e-02
  3.81285360e-02  8.14343439e-05 -6.00949789e-05 -1.25023339e-07
  3.49176118e-08  4.04030011e-11 -6.72950728e-12] 100138467.90344825 114050341.6381383
[ 0.00000000e+00  1.26671231e-01 -6.69348639e+00  5.03468277e-02
  3.81341490e-02  5.21216137e-01 -6.00791440e-05 -1.25014532e-07
  3.49125501e-08  4.06045610e-11 -6.73207974e-12] 3422959083513458.0 4691607213923046.0
[ 5.10204081e-01  7.11063484e-02 -6.48293051e+00  5.05114540e-02
  3.81316480e-02  8.14543645e-05  4.56981678e-01 -1.25028597e-07
  3.49081408e-08  4.04001864e-11 -6.73104774e-12] 5.547056841827384e+18 7.608907080167216e+18
[ 3.07076274e-01  1.14100894e-01 -6.48458046e+00  5.05199778e-02
  3.81344411e-02  8.14465736e-05 -6.00857059e-05  9.45750842e-01
  3.49109075e-08  4.04033605e-11 -6.73227001e-12] 5.0587106764927455e+22 6.938055849219653e+22
[ 0.00000000e+00  1.14123969e-01 -6.48364530e+00  4.36597498e-01
  3.81337769e-02  8.14398154e-05 -6.00719556e-05 -1.25035650e-07
  3.49129180e-08  4.04019876e-11 -6.73058874e-12] 438485629.97840995 623073266.9014558
[ 3.07043945e-01  1.22446482e-01 -6.48296218e+00  5.05173015e-02
  3.81353574e-02  8.14591312e-05  7.21408339e-02 -1.24999415e-07
  3.49117242e-08  4.03987929e-11 -6.73037757e-12] 1.3843251315212912e+17 1.898873417709538e+17
[ 0.00000000e+00  1.19715603e-01 -6.64035024e+00  5.07068241e-02
  3.81258784e-02  8.14330119e-05 -6.00876102e-05 -1.25017841e-07
  3.49109587e-08  1.01687578e-02 -6.73049724e-12] 2.7058622725657354e+25 3.7249756094492278e+25
[ 3.07094014e-01  1.14105633e-01 -6.48445131e+00  5.05248899e-02
  3.81244400e-02  8.14452419e-05  4.63973790e-01 -1.25027225e-07
  3.49083845e-08  4.04041386e-11 -6.73047205e-12] 5.718079761293264e+18 7.843499593836685e+18
[ 1.91949356e-01  1.14112968e-01 -6.48318673e+00  5.05227049e-02
  3.81225496e-02  8.14383659e-05 -6.00833056e-05 -1.25021455e-07
  3.49034480e-08  3.63740981e-01 -6.73213026e-12] 3.4622175354007767e+28 4.766198191746955e+28
[ 2.95439945e-01  4.55658182e-01 -6.48357791e+00  5.05132320e-02
  3.81335022e-02  8.14480359e-05 -6.00903832e-05 -1.25005320e-07
  3.49050966e-08  4.04070344e-11 -6.72996783e-12] 986036.9561518105 963494.8997760232
[ 0.00000000e+00  1.19727779e-01 -6.63964570e+00  5.07019659e-02
  6.97140154e-01  8.14383183e-05 -6.00891404e-05 -1.25015893e-07
  3.49152227e-08  4.05962784e-11 -6.73016345e-12] 2643936326741.8765 3601733811436.9033
[ 0.00000000e+00  1.23995769e-01 -5.83788639e+00  4.94741710e-02
  3.80734361e-02  7.95781125e-05  6.33419878e-01 -1.25175218e-07
  3.49131793e-08  4.04413284e-11 -6.75132394e-12] 1.0656548446956239e+19 1.461760797537469e+19
[ 0.00000000e+00  4.55574820e-01 -6.48213979e+00  5.05193847e-02
  3.81291051e-02  8.14439865e-05 -6.00810158e-05  4.94079967e-01
  3.49012993e-08  4.03992889e-11 -6.72848378e-12] 1.3806416266407113e+22 1.8935593235728092e+22
[ 8.03152961e-01  1.14081313e-01 -6.48088121e+00  4.28403435e-02
  3.81353728e-02  8.14552940e-05 -6.00944963e-05 -1.25036850e-07
  3.49070123e-08  4.04096325e-11 -6.73127005e-12] 1395608.009555303 910636.2804896198
[ 7.73961269e-01  1.14116869e-01 -6.48388987e+00  5.05114833e-02
  3.81247047e-02  8.14455961e-05 -6.00735058e-05 -1.25029747e-07
  3.49060114e-08  4.04044851e-11 -6.73144770e-12] 1063639.879568567 945626.6953858032
[ 0.00000000e+00  1.22574106e-01 -6.53426088e+00  5.07124509e-02
  3.81291700e-02  8.14347075e-05  4.93007895e-01 -1.25020840e-07
  3.49123453e-08  4.06089248e-11 -6.73032252e-12] 6.456013460562242e+18 8.855724827084647e+18
[ 0.00000000e+00  1.26689917e-01 -6.69413103e+00  5.03411475e-02
  1.69522661e-01  8.14481563e-05 -6.00735746e-05 -1.25009401e-07
  3.49105849e-08  4.05997413e-11 -6.72967620e-12] 105457131442.42667 143046845999.50974
[ 0.00000000e+00  1.19718500e-01 -6.64098894e+00  5.07039350e-02
  3.81235035e-02  8.14498030e-05 -6.00825302e-05 -1.24987636e-07
  7.86744152e-01  4.06050304e-11 -6.73148331e-12] 7.510512181694378e+25 1.0309708614141448e+26
[ 0.00000000e+00  1.14122254e-01 -6.48347947e+00  5.05094583e-02
  3.81203171e-02  2.41441804e-01 -6.00865803e-05 -1.25027621e-07
  3.49068773e-08  4.04072270e-11 -6.73015001e-12] 734221474461570.8 1006373053570998.6
[ 2.95376828e-01  4.55494186e-01 -6.48427175e+00  5.52517722e-01
  3.81281419e-02  8.14328351e-05 -6.00958778e-05 -1.25006967e-07
  3.49095913e-08  4.04051104e-11 -6.73004132e-12] 744898785.223117 1043772989.93824
[ 0.00000000e+00  1.13429065e-01 -6.53355856e+00  5.07070601e-02
  3.81226517e-02  8.14337925e-05 -6.00731257e-05 -1.25003960e-07
  3.49087722e-08  4.06017513e-11 -6.73058993e-12] 1001218.3782932041 1091054.876016336
[ 2.95385379e-01  4.55609047e-01 -6.48376823e+00  5.05212975e-02
  3.81307075e-02  8.14378009e-05 -6.00847952e-05 -1.25000390e-07
  3.49120368e-08  9.14625316e-01 -6.72991594e-12] 2.1890532208501523e+29 3.0135199178336282e+29
[ 0.00000000e+00  9.33384688e-02 -6.53340798e+00  5.07073565e-02
  3.81334231e-02  8.14441638e-05 -6.00812460e-05 -1.25022803e-07
  3.49166239e-08  4.06069237e-11 -6.73036908e-12] 1139761.717363861 1091012.5024122905
[ 0.00000000e+00  1.19720628e-01 -6.64047321e+00  5.07092536e-02
  3.81304226e-02  8.14313289e-05 -6.00909947e-05 -1.25005254e-07
  3.49106350e-08  4.06015636e-11 -6.73092967e-12] 733704.6320160904 1139466.6706648997
[ 0.00000000e+00  4.55641551e-01 -6.48224547e+00  5.05160134e-02
  3.81355514e-02  8.14316787e-05 -6.00798578e-05 -1.25002383e-07
  3.49054050e-08  4.04041699e-11 -6.72963210e-12] 1109534.5352697105 953044.1925766062
[ 4.43726854e-01  1.15821931e-01 -6.48514942e+00  5.05191840e-02
  3.81115023e-02  8.14311878e-05 -6.00770615e-05 -1.25012298e-07
  3.49013161e-08  4.03955994e-11 -6.73042932e-12] 935891.4869222738 960378.9882874957
[ 3.07128491e-01  1.14103979e-01 -6.48374027e+00  5.05139827e-02
  3.81237176e-02  8.14441278e-05 -6.00953825e-05 -1.25036614e-07
  3.49123415e-08  7.45458923e-01 -6.73126535e-12] 1.4541771591999544e+29 2.001866282451172e+29
[ 1.91981450e-01  4.54439642e-01 -6.48297520e+00  5.05227326e-02
  3.81275025e-02  8.14530796e-05 -6.00879935e-05 -1.25007825e-07
  3.49037960e-08  4.04004781e-11 -6.73150696e-12] 904889.0921134459 973396.8356245586
[ 3.07059809e-01  1.22445271e-01 -6.48244682e+00  5.05196119e-02
  3.81272521e-02  8.14397300e-05 -6.00836275e-05  1.71370769e-01
  3.49097566e-08  4.04074231e-11 -6.73071668e-12] 1.660964586554903e+21 2.2780242085157908e+21
[ 0.00000000e+00  4.55522416e-01 -6.48326129e+00  5.05176516e-02
  3.81336861e-02  8.14476220e-05 -6.00857240e-05 -1.25002670e-07
  3.49088746e-08  4.04034728e-11  4.67106724e-01] 1.2360373926939683e+32 1.7104602360681108e+32
[ 2.95362045e-01  4.55517994e-01  2.90527386e-01  5.05189421e-02
  3.81327614e-02  8.14292761e-05 -6.00937874e-05 -1.25005705e-07
  3.49062743e-08  4.04031515e-11 -6.73077966e-12] 84503612.60429958 94918184.69798887
[ 0.00000000e+00  1.22561059e-01 -6.53476039e+00  5.07158013e-02
  3.81292967e-02  8.14385241e-05 -6.00831877e-05 -1.25020711e-07
  3.49101260e-08  2.00471962e-01 -6.73023874e-12] 1.05166438107308e+28 1.4477544579949207e+28
[ 0.00000000e+00  1.19724226e-01 -6.63927400e+00  5.07008602e-02
  6.15304401e-01  8.14471950e-05 -6.00894422e-05 -1.25017760e-07
  3.49177979e-08  4.06069573e-11 -6.72932326e-12] 2028447703613.2085 2762863332461.9575
[ 6.71383270e-01  3.10124386e-01 -6.48086077e+00  5.05103014e-02
  3.81279271e-02  8.14245952e-05 -6.00915644e-05 -1.25034183e-07
  3.49090462e-08  7.25578959e-01 -6.72982115e-12] 1.3776511008529573e+29 1.8965180895131153e+29
[ 0.00000000e+00  4.55574782e-01 -6.48364874e+00  5.05016291e-02
  3.81335453e-02  8.14433860e-05 -6.00905613e-05  2.74255680e-01
  3.48979020e-08  4.04074100e-11 -6.73056060e-12] 4.25400413634393e+21 5.834395485748044e+21
[ 8.03171517e-01  1.14112943e-01 -6.48319664e+00  3.08173950e-01
  3.81309068e-02  8.14279650e-05 -6.00831847e-05 -1.25038941e-07
  3.49046388e-08  4.03942606e-11 -6.73021398e-12] 192337162.56961656 280110293.0256671
[ 0.00000000e+00  1.14147362e-01 -6.48395234e+00  5.05205859e-02
  6.72982858e-01  8.14417052e-05 -6.00765774e-05 -1.25015108e-07
  3.49115240e-08  4.03982070e-11 -6.73100377e-12] 2454289807433.689 3343229479297.5127
[ 2.95400703e-01  4.55572965e-01 -6.48370263e+00  5.05150093e-02
  3.81320186e-02  8.14359120e-05 -6.00833308e-05 -1.25009337e-07
  3.49108325e-08  1.52932923e-01 -6.72962296e-12] 6.120288041622266e+27 8.425382142797777e+27
[ 0.00000000e+00  1.14122498e-01  2.90188141e-01  5.05051886e-02
  3.81257488e-02  8.14398934e-05 -6.00829230e-05 -1.25020924e-07
  3.49163261e-08  4.04020003e-11 -6.73095893e-12] 87013861.45325163 97872950.62066874
=========================================
[ 8.03152961e-01  4.55641551e-01 -6.48224547e+00  5.05160134e-02
  3.81355514e-02  8.14316787e-05 -6.00798578e-05 -1.25002383e-07
  3.49054050e-08  4.04041699e-11 -6.72963210e-12] 1110130.8806012594 953477.0527136333
[ 8.85374653e-01  1.14105633e-01 -6.48445131e+00  5.05248899e-02
  3.81244400e-02  8.14452419e-05  4.63973790e-01 -1.25027225e-07
  3.49083845e-08  4.06017513e-11 -6.73058993e-12] 5.718079846800016e+18 7.843499653744278e+18
[ 8.03171517e-01  1.14112943e-01 -6.48319664e+00  3.08173950e-01
  3.81309068e-02  8.14279650e-05 -6.00831847e-05 -1.25038941e-07
  9.78670992e-01  4.03942606e-11 -6.73021398e-12] 1.1621868230881457e+26 1.5953382691470945e+26
[ 0.00000000e+00  1.19727779e-01 -6.63964570e+00  5.07019659e-02
  6.97140154e-01  2.80398961e-01 -6.00905613e-05  2.74255680e-01
  3.48979020e-08  4.04074100e-11 -6.73056060e-12] 4.2581194007535257e+21 5.840065153809481e+21
[ 1.91981450e-01  4.54439642e-01 -6.48297520e+00  5.05227326e-02
  3.81275025e-02  8.14530796e-05 -6.00879935e-05 -1.25007825e-07
  3.49037960e-08  4.04004781e-11 -6.73150696e-12] 904889.0921134459 973396.8356245586
[ 3.23709610e-01  4.55658182e-01 -6.48347947e+00  5.05094583e-02
  3.81203171e-02  2.41441804e-01 -6.00865803e-05 -1.25027621e-07
  3.49068773e-08  4.04072270e-11 -6.73015001e-12] 734221971705415.2 1006373728581494.0
[ 0.00000000e+00  1.19720628e-01 -6.64047321e+00  8.20159971e-01
  3.81304226e-02  8.14313289e-05 -6.00909947e-05 -1.25005254e-07
  3.49106350e-08  4.06015636e-11 -6.73092967e-12] 1769581601.1056457 2438050088.942248
[ 0.00000000e+00  4.55522416e-01 -6.48326129e+00  5.05176516e-02
  3.81336861e-02  8.14476220e-05 -6.00857240e-05 -1.25002670e-07
  3.49088746e-08  4.04034728e-11  4.67106724e-01] 1.2360373926939683e+32 1.7104602360681108e+32
[ 0.00000000e+00  1.19715603e-01 -6.64098894e+00  5.07039350e-02
  3.81235035e-02  8.14498030e-05 -6.00825302e-05 -1.24987636e-07
  9.51486648e-01  4.06050304e-11 -6.73148331e-12] 1.0985198543439822e+26 1.507942378836664e+26
[ 1.91949356e-01  1.14112968e-01 -6.48318673e+00  5.05227049e-02
  3.81225496e-02  8.14383659e-05 -6.00833056e-05 -1.25020840e-07
  2.90261602e-01  4.06089248e-11 -6.73032252e-12] 1.0223076628137237e+25 1.4033256133349655e+25
[ 0.00000000e+00  4.55574820e-01 -6.48213979e+00  5.83766320e-01
  3.81291051e-02  8.14439865e-05 -6.00810158e-05  4.94079967e-01
  3.49012993e-08  4.03992889e-11 -6.73004132e-12] 1.380642290589316e+22 1.8935602337756383e+22
[ 3.07043945e-01  1.22446482e-01 -6.48296218e+00  5.07073565e-02
  3.81334231e-02  8.14441638e-05 -6.00812460e-05 -1.25022803e-07
  3.49166239e-08  4.06069237e-11  6.45290031e-01] 2.358898653576027e+32 3.264304439093571e+32
[ 0.00000000e+00  4.55609047e-01 -6.48376823e+00  5.05212975e-02
  3.81307075e-02  8.14378009e-05 -6.00847952e-05 -1.25000390e-07
  3.49120368e-08  4.07241681e-01 -6.72991594e-12] 4.339846085798189e+28 5.974369419330609e+28
[ 5.10204081e-01  7.11063484e-02 -6.48293051e+00  5.05114540e-02
  3.81316480e-02  8.14543645e-05  4.56981678e-01 -1.25028597e-07
  3.49081408e-08  4.04001864e-11  6.21676130e-01] 2.189414007929543e+32 3.0297672331846553e+32
[ 0.00000000e+00  1.14147362e-01 -6.48395234e+00  5.05205859e-02
  6.72982858e-01  8.14417052e-05 -6.00765774e-05 -1.25015108e-07
  3.49115240e-08  2.13031705e-02 -6.73100377e-12] 1.1875677356630498e+26 1.6348433133602498e+26
[ 3.07076274e-01  1.11286279e-01  2.90527386e-01  5.05189421e-02
  3.81327614e-02  8.14292761e-05 -6.00937874e-05 -1.25005705e-07
  3.49062743e-08  4.04031515e-11 -6.73077966e-12] 84518332.58214866 94826813.2739582
[ 3.07059809e-01  1.22445271e-01 -6.48244682e+00  5.05196119e-02
  3.81272521e-02  8.14397300e-05 -6.00836275e-05  8.86737521e-01
  3.49097566e-08  4.04074231e-11 -6.73071668e-12] 4.447096432138581e+22 6.099222785641984e+22
[ 3.07128491e-01  1.14103979e-01 -6.48374027e+00  5.05139827e-02
  3.81237176e-02  8.14441278e-05 -6.00829230e-05 -1.25020924e-07
  3.49163261e-08  4.04020003e-11  6.03454130e-01] 2.062946179830749e+32 2.8547578176891636e+32
[ 0.00000000e+00  1.19724226e-01 -6.63927400e+00  5.07008602e-02
  6.15304401e-01  8.14471950e-05  7.11738449e-01 -1.25017760e-07
  3.49177979e-08  1.52932923e-01 -6.72962296e-12] 6.120403436583729e+27 8.425472374372817e+27
[ 0.00000000e+00  1.26689917e-01 -6.69413103e+00  1.29516643e-01
  1.69522661e-01  8.14481563e-05 -6.00735746e-05 -1.25009401e-07
  3.49105849e-08  4.05997413e-11 -6.73023874e-12] 105652531565.08229 144437267396.8717
[ 8.03152961e-01  1.14081313e-01 -6.48088121e+00  4.46847034e-01
  3.81353728e-02  8.14552940e-05 -6.00944963e-05 -1.25036850e-07
  3.49070123e-08  4.04096325e-11 -6.72963210e-12] 461504927.25286895 653891353.7280344
[ 3.07094014e-01  1.14105633e-01 -6.48445131e+00  5.05248899e-02
  3.81244400e-02  3.21912143e-01  4.63973790e-01 -1.25003960e-07
  3.49087722e-08  4.06017513e-11 -6.73058993e-12] 5.745160911003473e+18 7.901079447394758e+18
[ 0.00000000e+00  1.14123969e-01 -6.48364530e+00  4.36597498e-01
  3.81309068e-02  8.14279650e-05 -6.00831847e-05 -1.25038941e-07
  7.38104814e-01  4.03942606e-11 -6.73021398e-12] 6.610565023139423e+25 9.074347733316637e+25
[ 0.00000000e+00  1.19727779e-01 -6.63964570e+00  5.07019659e-02
  6.97140154e-01  8.14383183e-05 -6.00905613e-05  2.74255680e-01
  3.48979020e-08  4.04074100e-11 -6.73056060e-12] 4.2540353309616804e+21 5.834462999326853e+21
[ 7.73961269e-01  1.14116869e-01 -6.48388987e+00  5.05114833e-02
  3.81247047e-02  8.14455961e-05 -6.00735058e-05 -1.25029747e-07
  3.49060114e-08  2.76711896e-01 -6.73150696e-12] 2.0036669923661935e+28 2.758311370748497e+28
[ 2.95439945e-01  4.55658182e-01  9.09235506e-01  5.05132320e-02
  3.81335022e-02  8.14480359e-05 -6.00903832e-05 -1.25005320e-07
  3.49068773e-08  4.04072270e-11 -6.73015001e-12] 100073262.62481488 113954898.29735322
[ 3.07067402e-01  6.89145678e-01 -6.64047321e+00  5.07092536e-02
  3.81304226e-02  8.14313289e-05 -6.00909947e-05 -1.25005254e-07
  3.49106350e-08  4.06015636e-11 -6.73092967e-12] 728104.6222705757 1144773.6392618553
[ 0.00000000e+00  4.55522416e-01 -6.48326129e+00  5.05176516e-02
  3.81336861e-02  8.14476220e-05  5.33548755e-01 -1.25002670e-07
  3.49088746e-08  4.04034728e-11  4.67106724e-01] 1.2360379975774599e+32 1.7104610663939786e+32
[ 0.00000000e+00  1.19715603e-01  3.99333788e-01  5.07068241e-02
  3.81258784e-02  8.14330119e-05 -6.00825302e-05 -1.24987636e-07
  7.86744152e-01  4.06050304e-11 -6.73148331e-12] 7.510512195666192e+25 1.0309708633291305e+26
[ 1.91949356e-01  1.14112968e-01 -6.48318673e+00  5.05227049e-02
  3.37989827e-01  8.14383659e-05 -6.00833056e-05 -1.25021455e-07
  3.49034480e-08  3.63740981e-01 -6.73032252e-12] 3.4622175401691312e+28 4.76619819812813e+28
[ 0.00000000e+00  4.55574820e-01 -6.48213979e+00  9.23329437e-01
  3.81291051e-02  8.14328351e-05 -6.00958778e-05 -1.25006967e-07
  3.49095913e-08  4.04051104e-11 -6.73004132e-12] 2270363869.016442 3128013027.8945847
[ 0.00000000e+00  9.33384688e-02 -6.53340798e+00  5.07073565e-02
  3.54778775e-01  8.14441638e-05 -6.00812460e-05 -1.25022803e-07
  3.49166239e-08  4.06069237e-11 -6.73036908e-12] 611277012444.0054 831762760905.9608
[ 0.00000000e+00  5.49301986e-01  8.41232298e-01  5.05203360e-02
  8.36967276e-01  8.14343439e-05 -6.00949789e-05 -1.25023339e-07
  3.49176118e-08  4.04030011e-11 -6.72991594e-12] 3920407278275.2275 5341008380853.537
[ 5.10204081e-01  7.11063484e-02 -6.48293051e+00  5.05103014e-02
  3.81279271e-02  8.14245952e-05 -6.00915644e-05 -1.25034183e-07
  3.49090462e-08  7.25578959e-01 -6.72982115e-12] 1.3776511008529114e+29 1.8965180895130495e+29
[ 0.00000000e+00  1.23995769e-01 -5.83788639e+00  9.82825058e-01
  6.72982858e-01  8.14417052e-05 -6.00765774e-05 -1.25015108e-07
  3.49115240e-08  4.03982070e-11 -6.73100377e-12] 2469975998460.9766 3428299127076.1313
[ 2.95362045e-01  4.55517994e-01  2.90527386e-01  5.05189421e-02
  3.81327614e-02  8.14292761e-05 -6.00937874e-05 -1.25005705e-07
  3.49062743e-08  4.04031515e-11 -6.73077966e-12] 84503612.60429958 94918184.69798887
[ 4.43726854e-01  1.15821931e-01 -6.48514942e+00  5.05191840e-02
  3.81115023e-02  8.14397300e-05 -6.00836275e-05  9.35271730e-01
  3.49097566e-08  4.04074231e-11 -6.73071668e-12] 4.9472286609450495e+22 6.785157512040108e+22
[ 3.07128491e-01  1.14103979e-01 -6.48374027e+00  5.05139827e-02
  9.86660682e-01  8.14441278e-05 -6.00953825e-05 -1.25036614e-07
  3.49123415e-08  7.45458923e-01 -6.73095893e-12] 1.4541771622909047e+29 2.001866286587894e+29
[ 0.00000000e+00  1.19724226e-01 -6.48370263e+00  5.05150093e-02
  3.81320186e-02  8.14359120e-05 -6.00833308e-05 -1.25009337e-07
  3.49108325e-08  2.60122130e-02 -6.72962296e-12] 1.7706164101718427e+26 2.437486566623395e+26
[ 0.00000000e+00  1.26689917e-01 -6.53476039e+00  5.07158013e-02
  3.81292967e-02  8.14385241e-05 -6.00831877e-05 -1.25020711e-07
  3.49101260e-08  2.00471962e-01  4.76183204e-01] 1.2902372271045304e+32 1.7779361029634507e+32
[ 8.03152961e-01  1.14081313e-01 -6.48088121e+00  4.28403435e-02
  3.81355514e-02  8.14316787e-05 -6.00798578e-05 -1.25002383e-07
  3.49054050e-08  4.04041699e-11 -6.72963210e-12] 1544051.0875018483 868559.8110871582
[ 3.07094014e-01  1.14105633e-01 -6.48445131e+00  5.07070601e-02
  3.81226517e-02  8.14337925e-05 -6.00731257e-05 -1.25003960e-07
  6.30062964e-02  4.06017513e-11 -6.73058993e-12] 4.8169259545534964e+23 6.612212547773222e+23
[ 0.00000000e+00  1.14123969e-01 -6.48364530e+00  4.36597498e-01
  3.81309068e-02  8.14279650e-05 -6.00831847e-05 -1.25038941e-07
  3.49046388e-08  4.03942606e-11 -6.73021398e-12] 437197936.54785776 620487526.0297596
[ 2.15009987e-01  1.19727779e-01 -6.63964570e+00  5.07019659e-02
  3.81335453e-02  8.14433860e-05 -6.00905613e-05  2.74255680e-01
  3.48979020e-08  4.04074100e-11 -6.73056060e-12] 4.254004133943527e+21 5.834395476456407e+21
[ 7.73961269e-01  1.14116869e-01 -6.48297520e+00  5.05227326e-02
  3.81275025e-02  8.14530796e-05  7.59247029e-01 -1.25007825e-07
  3.49037960e-08  4.04004781e-11 -6.73150696e-12] 1.5310368451261907e+19 2.1001264164597813e+19
[ 2.95439945e-01  4.55658182e-01 -6.48357791e+00  5.05132320e-02
  3.81335022e-02  8.14480359e-05 -6.00865803e-05 -1.25027621e-07
  4.07180262e-01  4.04072270e-11 -6.73015001e-12] 2.0117587873108297e+25 2.7615489321465595e+25
[ 0.00000000e+00  1.19720628e-01 -6.64047321e+00  5.07092536e-02
  3.81304226e-02  8.14313289e-05  8.54301847e-01 -1.25005254e-07
  3.49106350e-08  4.06015636e-11 -6.73092967e-12] 1.938360050666417e+19 2.658852629918658e+19
[ 8.61825954e-01  1.26671231e-01 -6.69348639e+00  5.03468277e-02
  3.81336861e-02  8.14476220e-05 -6.00857240e-05 -1.25002670e-07
  3.49088746e-08  4.04034728e-11  4.67106724e-01] 1.2360373926939157e+32 1.7104602360680383e+32
[ 0.00000000e+00  1.19715603e-01 -6.64035024e+00  5.07068241e-02
  3.81258784e-02  9.45387239e-01 -6.00876102e-05 -1.24987636e-07
  7.86744152e-01  4.06050304e-11 -6.73148331e-12] 7.51054469286287e+25 1.0309752125140948e+26
[ 1.91949356e-01  1.14112968e-01 -6.48318673e+00  4.82010510e-02
  3.81225496e-02  8.14383659e-05 -6.00833056e-05 -1.25020840e-07
  3.49123453e-08  4.06089248e-11 -6.73032252e-12] 1156615.5423025195 981584.968046121
[ 2.95376828e-01  4.55494186e-01  2.00043106e-02  5.52517722e-01
  3.81281419e-02  8.14328351e-05 -6.00958778e-05 -1.25006967e-07
  3.49095913e-08  4.04051104e-11 -6.73004132e-12] 827202015.8841913 1373616106.8864243
[ 0.00000000e+00  9.33384688e-02 -6.53340798e+00  5.07073565e-02
  3.81334231e-02  8.14441638e-05 -6.00812460e-05 -1.25022803e-07
  3.49166239e-08  4.06069237e-11 -6.73036908e-12] 1139761.717363861 1091012.5024122905
[ 0.00000000e+00  5.49301986e-01  8.41232298e-01  5.05203360e-02
  2.99352687e-01  8.14343439e-05 -6.00847952e-05 -1.25000390e-07
  3.49120368e-08  9.14625316e-01 -6.72991594e-12] 2.189053221906129e+29 3.0135199192564363e+29
[ 5.10204081e-01  7.11063484e-02 -6.48293051e+00  5.05114540e-02
  3.99690390e-01  8.14543645e-05  4.56981678e-01 -1.25034183e-07
  3.49090462e-08  7.25578959e-01 -6.72982115e-12] 1.3776546158258739e+29 1.896520837775106e+29
[ 0.00000000e+00  1.23995769e-01  5.99798330e-02  5.05205859e-02
  6.72982858e-01  8.14417052e-05 -6.00765774e-05 -1.25015108e-07
  3.49115240e-08  4.03982070e-11 -6.73100377e-12] 2479425075731.992 3377046407391.586
[ 3.07076274e-01  1.14100894e-01 -6.48458046e+00  2.22434897e-01
  3.81344411e-02  8.14292761e-05 -6.00937874e-05 -1.25005705e-07
  3.49062743e-08  4.04031515e-11 -6.73077966e-12] 84284612.33835423 127412401.88004453
[ 4.43726854e-01  1.22445271e-01 -6.48244682e+00  5.05196119e-02
  3.81272521e-02  8.14397300e-05 -6.00836275e-05  1.71370769e-01
  9.49941991e-01  4.04074231e-11 -6.73071668e-12] 1.0966975660260424e+26 1.5044214361187921e+26
[ 3.07128491e-01  3.53881203e-01 -6.48374027e+00  5.05139827e-02
  3.81237176e-02  8.14441278e-05 -6.00953825e-05 -1.25020924e-07
  3.49163261e-08  4.04020003e-11 -6.73095893e-12] 1077690.3342234148 949256.1465983365
[ 0.00000000e+00  1.19724226e-01 -6.63927400e+00  5.07008602e-02
  6.15304401e-01  8.14471950e-05 -6.00894422e-05 -1.25017760e-07
  6.12294289e-01  4.06069573e-11 -6.72962296e-12] 4.549074964956951e+25 6.244532490074562e+25
[ 0.00000000e+00  1.26689917e-01 -6.69413103e+00  5.03411475e-02
  1.69522661e-01  8.14481563e-05  8.52411962e-01 -1.25020711e-07
  3.49101260e-08  2.00471962e-01 -6.73023874e-12] 1.0516824919926667e+28 1.4477686167526423e+28
=========================================
[ 0.00000000e+00  9.33384688e-02 -6.53340798e+00  5.07073565e-02
  3.81334231e-02  8.14441638e-05 -6.00812460e-05 -1.25022803e-07
  3.49115240e-08  4.03982070e-11 -6.73100377e-12] 1055459.2707674939 945240.1249791535
[ 0.00000000e+00  9.33384688e-02 -6.53340798e+00  1.75339536e-01
  3.81334231e-02  8.14441638e-05 -6.00812460e-05 -1.25022803e-07
  3.49166239e-08  4.06069237e-11 -6.73036908e-12] 45561620.18084284 71223984.53894708
[ 0.00000000e+00  1.19727779e-01 -6.63964570e+00  5.07019659e-02
  6.97140154e-01  8.14383183e-05 -6.00891404e-05 -1.25015893e-07
  3.49152227e-08  4.05962784e-11 -6.73016345e-12] 2643936326741.8765 3601733811436.9033
[ 7.73961269e-01  6.24428271e-01 -6.48388987e+00  5.05114833e-02
  3.81247047e-02  8.14455961e-05 -6.00735058e-05 -1.25029747e-07
  3.49060114e-08  4.04044851e-11 -6.72963210e-12] 1130897.1912083735 948929.2964377388
[ 8.03152961e-01  1.14081313e-01 -6.48088121e+00  4.28403435e-02
  3.81353728e-02  8.14552940e-05 -6.00944963e-05 -1.25036850e-07
  3.49070123e-08  4.06015636e-11  7.74248625e-01] 3.3959419348558485e+32 4.699391521568352e+32
[ 0.00000000e+00  4.55494186e-01  2.00043106e-02  5.52517722e-01
  3.32881444e-02  8.14328351e-05 -6.00958778e-05 -1.25006967e-07
  3.49095913e-08  4.04051104e-11 -6.73004132e-12] 717313443.5459862 993962550.3267305
[ 4.43726854e-01  1.15821931e-01 -6.48514942e+00  5.05191840e-02
  3.81115023e-02  8.14311878e-05 -6.00770615e-05 -1.25012298e-07
  3.49013161e-08  4.05997413e-11  7.95819153e-01] 3.587799329172718e+32 4.9648887030568814e+32
[ 8.03152961e-01  1.14081313e-01  9.26215866e-01  4.28403435e-02
  3.81355514e-02  8.14316787e-05 -6.00798578e-05 -1.25002383e-07
  3.49054050e-08  4.04041699e-11 -6.73058874e-12] 101516937.15233305 110859465.6572775
[ 2.34689846e-01  3.53881203e-01 -6.48374027e+00  5.05139827e-02
  3.81237176e-02  8.14441278e-05 -6.00953825e-05 -1.25020924e-07
  3.49163261e-08  4.04020003e-11 -6.73095893e-12] 1077639.0389580636 949220.5077519619
[ 1.91981450e-01  5.62833395e-02 -5.83788639e+00  9.82825058e-01
  6.72982858e-01  8.14417052e-05 -6.00765774e-05 -1.25015108e-07
  3.49115240e-08  4.03982070e-11 -6.73100377e-12] 2469976125852.1807 3428296180855.8706
[ 8.03152961e-01  4.55641551e-01 -6.48224547e+00  5.05160134e-02
  6.72982858e-01  3.36972020e-01 -6.00765774e-05 -1.25015108e-07
  3.49115240e-08  4.03982070e-11 -6.73100377e-12] 1446243334186470.8 2012343826468821.2
[ 0.00000000e+00  1.13429065e-01 -6.53355856e+00  5.07070601e-02
  3.81226517e-02  8.14337925e-05 -6.00731257e-05 -1.25003960e-07
  3.49176118e-08  7.06075304e-01 -6.72950728e-12]